6
3 3
1 2 3
4 5 6
9 8 7
5 3
5 9 9 7 4 4 1 7 4 7 8 10
2 3 2 3 8 5 9 7 4 4 10 5 8 6 7 9
2 10 3
6 4 8 7 4 4
10 2 7 9 7 4 1 6 4
10 5
10 7 3 12 17 26 4 11 22 20 17 8 21 22 22 22 26 16 26 15
23 13 2 24 15 27 27
3 26 21 21 27 24 23 7 10
17 25 5 19 22 8 28 26
9 15 1 30
10 12 6 13
18 17 15 9 4 23 22
29 8 21 28 26 29 27 14 3
10 18 16 23 10 9 11 5 3 21 15 19 11 25 14 20
20 24 10 11 28 14 24 16 22 19 2 21 3 22 15 11 4
10 3
3817 8530 8494 445 7697 4321 2112 5725 9320 9580 3691 6628 8770
5434 2823 163
5157 4009 3811
5910 1303 3073 8527 3284 4551 794 3709 8813 8408 1349
4850 61 1817 2552 5778 8463 1139
2267 3640 3171 9065 3218 6648 564 4752 7003 5110
8795 4464 4946 4460 5206 1870 3379
4488 9560 1902 9480 1634 9207 4693 272 564 4844
7323 2929 5004 3487 496 6497 3700 367 9840 1919 7252 1739
7179 9159 6668 6315 3950 687 3159 5873 5406 607 7729 734 2213 6858 8586 556 9401 250 4257 5500
50 5
8543 9682 6248
2451 9512 9659 8624 1150 7429 6668 391 249 4917 9923
4984 4150 8531 3278 7460 9561 1949 4328
8338 3236 1855 6085 7141
2541 4614 1219 6800 8910 3427
3234 7261 3681 6973 6629 9155 9943 6139 8471 9692 1869
7166 6342 9162 5835 3529 8577 9883 404 3288 3731 8512 3427 2331 2647 4664 2447 3012
4691 1221 3960 5781 7477 6034 1402 3174 6281 5595
8713 7342 7054 4481 1716 7508 7015 9883 2644 1811 9214 7200 6918 8813
5280 8258 1752 9761
603 3003 9362 8589 4595 3517 9079 3575 5227
2826 7442 6527 2208 5258 6240 1844 7040
5863 535 6540 6049 5161 3857 6544 794 3291 548 6314 7253 8219 1141 3609 4171 3402
6859 5713 291 9481 2800 2325 3262 8433 1022 152
8662 7945 9070 5934 7033 5814 7228 7487 8033
3889 896 3990 6144 1273 7920 177 6682 5027
2275 7530 2477 915 6499 683 182 3997 5658 3124 5665 3177 7555
733 3175 5798
2454 4959 1343 5278 8591 1427 7507 3478 3608 1398 9302 7341 2025 1939 3561 8846 5655 9594 8375
1506 713 3538 7288 2867
6347 8307 811 3524 6957
959 1009 4066 5267 8670 4278 4605 2936 8738 5159 3032 852 8252 5661 6078 8089 180 1034 2067 4520
6708 6567 8717 5283 2099 627 1291 1319 8237 2953 6008 7075 3716 4065 8480 3756 9405
4925 6511 470 329 6688 4795 4496 4558
5302 9679 2378 4726 8313 341
9019 7811 4809 812 822 5879 3328 871 4660 2520 7639 6782 7807 1045
3331 8869 6249 1062
3005 848 2217 1553 3491 7320
6170 6383 5968 828 653 2326 9449 8795 664 7607 6087 7144 1179
47 177 3379 4224 4471 6822 117 2498 6863 6336 7272 4630 3782 1157 3744 3707 7757 9505 2050 391
7380 4756 7101 5660 7899 8970 5907 6343 4934 5342
2435 5271 3641 6337 7505 9288 1543 6053 3864 1184 6977 1622
4702 1646 8212 2274 246 6959 3857 7184 255 4773 2425 5763 2807 4274 9090 132 411 5428 5053
7632 5785 4624 3858 598 2333 9163 5212 2958
2056 4512 9440 815 1768 7654 8161 6408 9195
5165 5465 8831
4371 6920 1916 1198
9984 3671 1069 668 8878 9818 3432 8224 4384 9251 5728 459 7889 4925
396 5489 4005 8503 4110 5925 2545 2264
1960 310 2747 7550 8008 5156 8469 5695 2219 9324 6985 6657 831 5370 6972 5122 2749 3218 3185 7774
3523 2458 5680 5934 1563 4503 968 3204 3089 6482 1900 9466 1527 6829 4721 8071
6059 8212 8889 3093 4885 7151 9051
1592 3193 8973 164 3504 7148
4076 8 7876 812 9185 1299 2831
3557 4268 9902 1534 7806 450 1410 8203 7180 1657 6603 6381 1204 5520
8815 5108 5012 9009 2304 5241 9087 9111 6010 9462 7298 8004 788 9682 3782 1490 5985
177 3898 1966 8105 7510 6995 5103 5706 2963 3405 1937 7805 2340 6978 6256 8388
3704 8438 9984 8031 950 2720 8795 511 6828 9089 821 8483 6528 6609 3883 5071 3885 3814 79
6825 1162 9035 690 3209 1104 7611 8990 6533 8811 9545 6340 7151 8294 23 1343 874 6769 9260 2275
6566 2842 1981 7722 2634 6805 9588 7356 4454 2503 8598 5040 3208 1902 9347 4999
5 10
1
1
1
1
1