10
0 0 254 185 76 227 84 175 0 0
10
0 0 251 199 176 27 184 75 0 0
11
0 0 118 90 243 178 99 100 200 0 0
12
0 0 40 50 64 72 84 11 19 64 0 0
13
0 0 77 88 11 59 19 5 8 39 100 0 0
14
0 0 30 99 50 88 64 72 84 15 19 64 0 0
15
0 0 111 174 121 160 251 253 240 199 187 169 175 0 0
19
0 0 111 199 174 121 199 160 251 187 253 240 240 199 187 169 175 0 0
100
0 0 225 214 82 73 241 233 179 219 135 62 36 13 6 71 179 77 67 139 31 90 9 37 93 203 150 69 19 137 28 174 32 80 64 54 18 0 158 73 173 20 0 102 107 48 50 161 246 145 225 31 0 153 185 157 44 126 153 233 0 201 83 103 191 0 45 0 131 87 97 105 97 209 157 22 0 29 132 74 2 232 44 203 0 51 0 244 212 212 89 53 50 244 207 144 72 143 0 0
1000
0 0 175 74 108 106 215 169 101 199 124 237 49 147 86 161 180 212 149 100 134 228 0 105 0 238 60 247 250 117 197 234 209 205 0 48 95 160 183 77 65 107 120 215 199 254 0 251 116 255 207 0 129 103 244 156 91 0 55 213 32 245 194 27 38 50 0 254 0 1 27 160 70 130 130 57 141 36 97 147 109 0 38 143 190 54 51 159 140 172 96 74 151 81 116 172 212 185 176 242 233 206 69 226 180 76 217 81 197 0 6 171 224 158 218 112 125 144 88 177 0 40 245 150 160 200 28 219 27 164 0 79 0 69 116 84 204 10 189 97 175 0 192 131 12 146 44 215 252 181 161 18 0 184 56 250 122 154 249 234 59 50 99 82 248 168 232 52 205 250 110 168 137 121 208 89 49 74 90 6 125 230 80 2 89 154 104 181 101 7 75 24 117 163 25 60 0 54 226 196 247 94 45 0 149 12 117 111 143 5 166 60 63 98 165 194 47 16 197 7 161 80 83 166 8 56 11 0 140 48 0 68 138 118 57 220 18 154 239 4 103 3 80 186 0 105 222 145 143 89 144 0 110 180 80 210 52 47 123 199 0 213 101 0 199 128 210 73 64 100 126 89 248 132 150 191 134 59 61 175 184 0 8 112 13 115 130 222 57 202 168 232 165 100 110 0 236 190 57 237 95 169 0 172 130 201 186 0 140 25 1 92 235 100 109 8 189 205 41 10 88 0 211 239 0 32 253 221 59 111 172 9 176 0 220 63 69 17 251 94 0 65 106 217 102 167 255 55 0 3 133 148 208 234 58 30 0 70 80 153 244 212 109 220 114 164 44 81 130 156 153 120 0 245 184 101 107 189 255 62 81 84 215 190 225 239 0 180 100 24 169 133 85 43 188 165 229 218 144 0 119 171 213 26 37 117 44 64 0 230 172 91 181 0 94 199 204 0 193 0 102 213 72 223 160 182 215 0 73 140 74 243 102 124 237 131 176 255 0 170 17 99 0 208 42 71 90 239 207 34 97 0 137 189 107 233 20 180 0 31 223 249 152 3 143 81 36 243 0 213 0 228 49 114 13 220 240 106 0 0 44 209 61 98 14 0 84 227 241 101 118 79 230 97 189 146 0 105 183 171 201 54 230 45 0 85 66 191 72 168 179 157 35 227 151 21 52 15 66 11 120 10 121 0 158 5 246 224 139 5 231 233 215 98 0 197 78 0 36 186 113 65 143 163 242 0 175 112 59 0 117 163 231 226 73 0 71 36 133 46 223 99 0 0 231 154 93 236 203 149 243 12 0 117 224 200 219 0 195 177 99 14 46 234 128 45 39 169 34 254 168 0 109 197 0 253 56 0 240 227 144 114 239 245 54 0 230 0 29 235 21 26 237 0 172 32 131 43 82 54 110 211 162 198 115 106 168 81 10 43 105 233 223 34 89 181 82 176 226 112 248 10 227 234 24 186 47 134 46 29 10 186 107 227 176 146 51 147 206 45 0 4 0 62 247 229 111 140 64 54 0 115 172 0 0 97 36 0 0 90 0 66 144 117 90 0 20 92 236 126 209 208 50 233 0 34 25 251 115 187 0 87 0 149 122 113 249 192 81 19 69 222 129 218 0 167 121 182 12 102 222 109 241 122 0 25 177 214 0 0 165 129 144 84 21 23 161 58 192 70 224 193 88 82 0 37 2 145 10 248 219 239 74 159 110 107 96 212 63 153 119 34 67 30 113 108 102 55 97 102 4 51 16 25 112 244 121 100 112 114 76 118 190 56 0 85 137 228 120 90 242 0 52 178 143 211 36 223 236 55 0 53 0 199 33 93 205 0 50 213 170 138 128 110 247 127 141 205 0 36 146 235 9 76 251 150 200 223 232 237 231 87 173 231 3 0 83 204 175 199 21 187 242 25 0 34 196 6 228 73 149 107 237 200 199 189 10 12 47 0 0 215 151 213 185 188 63 230 231 167 87 119 98 83 135 96 186 210 104 12 181 8 8 250 201 48 105 61 163 86 2 252 164 220 61 243 94 245 248 240 28 44 0 87 87 222 169 158 65 188 32 209 63 0 23 16 0 100 49 12 5 179 131 142 28 60 24 240 221 209 110 0 0 157 247 165 54 157 152 19 186 34 45 150 194 80 4 237 5 162 94 106 113 100 241 118 165 55 104 12 0 145 225 58 105 58 110 163 62 207 149 0 100 67 208 0 126 89 0 209 229 44 48 152 37 168 140 246 127 14 110 135 102 115 146 250 2 65 0 0
